64 9
-0.4057951052 0.9748998019 -0.7684283495 -0.130974119 0.8080633714 1.006572907 0.3256579621 -0.5230846879 -0.4864882662 
-0.9534912997 0.7684089424 0.8470877671 -0.06013536035 0.0892162475 -0.4363054772 0.08377845061 0.3156682605 0.3869849688 
0.6167389106 -0.7440128769 0.73509786 0.9610684284 -0.3755170692 0.8476576247 -0.1199594394 0.6041743511 0.91389359 
0.6278548107 1.079408312 -0.1429500548 -0.8765685207 -0.6503571486 0.7747402265 0.7714247959 -0.4719400739 -0.1528006434 
0.4726446798 -0.6282827697 -0.761185068 -0.1008092976 0.2571248879 -0.4782689381 0.4214109149 0.7295633836 -0.2077500211 
-0.6925468785 -0.1136652762 -0.7644462523 0.5921159202 -0.6706793729 0.6618651877 -0.3370754216 0.01757082228 -0.659333234 
-0.561560792 0.2451314799 1.002534641 -0.6102322494 0.6830519673 0.7933677729 0.6045724268 0.1663595898 0.2498855689 
0.02438435664 0.755536294 0.7502981327 -0.05432599394 0.6657526859 -0.2026515228 0.7815084674 -0.3866242197 0.8464801448 
-0.5798655488 0.8286487803 -0.5212823935 0.04994630089 0.5927346516 1.057968172 0.3030780101 -0.5233430969 -0.2848207319 
0.6932344852 -0.581839732 -0.5740421058 -0.3436228493 -0.1397424222 -0.1445883421 0.9988644786 0.3987253572 -1.087114945 
0.2649893482 -0.4579570977 -0.6206916588 0.3193776839 -0.5650118234 -0.8658803317 -0.8214388368 -0.5002293656 0.3082459624 
-0.7091915066 -0.03799795487 -0.7049907852 0.5800486028 0.6836576721 -0.1422037155 -0.4092605371 0.08844800643 -0.1154209005 
0.1455192999 0.7478922586 0.9913170986 -0.7768204849 -0.2674203176 -0.1144210359 0.8661130781 -0.8224376203 -1.011170497 
-0.5350070384 0.9091290087 -0.3543552324 0.7977993473 0.8525829474 -0.3589510983 0.3439521335 -0.4083265571 -0.7754519048 
0.1595426817 -0.741268131 0.3648268043 0.5696269883 -0.06136866068 0.2348317287 0.5754781821 -0.6297039734 -0.667266106 
-0.07383900115 0.483421581 -0.7705719828 -0.4395111662 -0.8248761618 0.908040678 -0.1567524493 0.01617664448 -0.9768880632 
0.4944601704 -0.7291515823 -0.09714604508 0.8174621386 0.3971472844 0.6718822631 0.7095848482 0.4630074447 0.1735773304 
-0.4713557926 0.5592455724 0.1518242088 -0.1836715194 -0.2879345973 0.8002807543 0.3597885133 0.7504583466 0.09948643048 
0.363045512 -0.7936733511 0.9131765531 0.8619374371 -0.3396314998 0.4285917024 -0.6894435364 0.9033950039 -0.1518267418 
-0.1350077329 -0.8074142009 0.2458613352 0.06636072757 -0.9757742637 -0.1284047261 0.2175224667 0.5151540183 -0.5088744195 
0.4256761193 -0.3616902552 0.7291553158 0.398678772 0.3454836261 -0.6222947799 -0.6986117354 0.3055840542 -0.02620748577 
0.8127629535 -0.7553737022 -0.08965042051 0.4043742732 0.232686941 0.7743334378 0.5309843396 -0.4052945261 -0.7688511495 
1.061832865 -0.662979414 -0.828671533 0.6663694228 0.1821089908 0.7836685573 0.3017560339 0.5890532306 -0.2531945342 
0.5479320756 0.675585362 0.3684274089 -0.5537465674 0.2037415978 -0.5595722745 -0.3824106478 -0.6271676356 0.319704264 
-0.4882034307 0.1800511123 0.243841541 -0.1723066242 0.3860082663 0.04796944525 -0.3706897238 -0.2319301278 -0.2214934551 
-1.075664072 -0.3622955529 0.2171521232 0.4829511522 -0.3566446583 0.06703494494 -0.8238384483 0.1085852313 -0.5586202916 
0.07946073302 -0.8752243844 -0.3171995698 0.636447029 0.2539674379 -0.3256741805 -0.7194379177 0.210618864 0.1097298857 
0.03570079411 -0.9907351625 -0.5266040471 0.2360854875 -0.9063522928 0.9220888784 0.08270912663 0.9273760421 -0.5234174325 
-0.2843126254 -0.6797246297 0.8515858707 0.8721681818 -0.9645745681 0.6399060755 -0.885582758 0.6152073692 -0.5952991212 
0.5899470894 0.1134028535 0.3728530242 -0.6977152276 0.8298995413 -0.8868537448 0.3731583811 -0.5827307082 -0.006217065363 
-0.0288301061 -0.139146901 -0.5361983041 0.8766106136 0.2569745117 0.7215571882 -0.7258763348 -0.2859215787 -0.696212197 
0.5351333867 0.1284873233 -0.9536523561 0.9039410217 -0.2922458285 0.8744465145 -0.5882481521 0.2838009343 0.03082766941 
-1.115029498 0.1924250061 -0.338223167 -0.2308934309 -0.3226960591 -0.7587054835 -0.763144959 -0.05281394197 -0.4873337041 
-0.1287999002 -0.7129720465 0.1758406821 0.265303003 0.1178153336 0.7406492187 0.713198651 -0.1718241353 -0.552061071 
-0.2626478004 -0.5115535827 1.0478842 0.7441048008 -0.7184718216 -0.1511635794 -0.9199543195 -0.9529679749 0.001930108221 
-0.02750771634 -0.1187707042 0.9083475787 -0.7385522508 0.1003479832 -0.259483261 -0.7899026074 -1.002612003 0.05591440527 
-0.6082059277 0.02617024375 -0.2602995009 0.08478609544 0.1660295173 0.2936236302 -0.7075592375 -0.4273431008 0.6243083107 
0.4843220649 0.9140497283 -0.7858331961 -0.5969350047 -0.08869147527 0.7195470391 0.1283328425 0.6897710152 -0.05064633205 
-0.8966570036 -0.3694357624 -0.2856512777 0.3770858054 0.5525384392 0.006791877884 0.9589954372 0.4828622678 0.1592688088 
-0.1655258023 0.9302917355 0.04653710817 0.8183492927 -0.3280139772 0.7757227644 -0.8190608097 -0.8078862733 -0.1040107571 
0.3313386622 -0.1145886968 0.4406444535 -0.601176129 -0.7930401026 -0.2312671865 -0.2498497905 -0.02541687049 -0.7076685257 
-0.3680360117 0.01402853966 -0.06818437888 0.4482165622 -0.4447884872 -0.2935479845 0.9868782152 0.8498272311 -0.3332777262 
0.7266880452 0.703730958 0.1809637206 0.6209908678 -0.5837459057 0.1078793218 0.3651069401 0.6877495991 0.4218369955 
-0.1302143701 -0.9209165169 0.4533947857 -0.8792715715 -0.08727310977 -0.9755910015 -0.4465875225 0.5896895103 0.447328361 
0.3751638468 -0.1164446122 0.06196309761 0.9395598979 0.09094250814 0.09742096337 -0.4701577448 -0.1748733671 0.1751679951 
-0.2047749567 -0.291932511 0.5366945982 0.9016716058 -0.1932358968 -0.2053505698 -0.5773671221 0.3546025843 0.2022357534 
-0.0405658495 -0.7875810074 0.07746241411 -0.6131972117 -0.528441171 0.5627787279 0.03901058872 -0.6006191378 0.5665630738 
0.1099144913 -0.5529973749 0.6898317504 0.0003395624597 -0.2852817919 0.9719083024 -0.3178088304 -1.095145526 -0.8110284919 
-0.7535109969 0.7481633531 -0.3900138413 0.5659217872 -0.3535627761 -0.8417630055 -0.4476318656 -0.5958290646 -0.03544571512 
-0.06824067347 -0.6557423831 -0.06428797225 0.5445508958 -0.9352473312 0.1792669872 -0.5690678617 0.1624594732 -0.09342506211 
0.8253715805 0.0168004895 -0.2605031605 0.3599991893 0.08544815199 0.003988864876 0.9178923792 0.747124149 0.4502380859 
-0.552251475 -0.1641479433 -0.2526860645 -0.09893785378 0.1233886785 -0.4946751732 -0.6597505292 0.7162623039 -0.5973598782 
-0.1161892965 0.1341373927 -0.3107618834 0.7258524107 0.1931980561 -0.7096591566 -0.1775019792 0.7082278158 0.07392240003 
0.1614573043 0.6952581026 0.1227868591 -0.6814806152 -0.09346593535 0.7175228204 0.5997311824 0.1007634708 0.0872184297 
-1.027952238 -0.563902744 0.8903203406 1.092918861 -0.1971909844 -0.6043095509 -0.1922365484 -0.3851658163 0.3223941517 
-0.2516981196 0.3971957303 0.9446471839 0.8517753527 0.2954508684 -0.2734796582 0.3844885467 -0.2252165316 -0.6015780987 
-0.7228451822 -0.3194229616 0.1219043937 0.755912765 -0.3999353934 0.2352740991 -0.9413817119 -0.3775470015 0.8979935742 
0.09521225127 0.8167282496 0.1216401961 0.4368054524 1.063749678 0.7750559283 -0.06283047604 -0.4682093577 1.129035275 
-0.6205946583 0.07424274775 0.9427098189 0.2473154154 -0.5756648855 1.148510445 -0.7931941821 -0.4978183062 0.2553111693 
0.2781278466 -0.3295566385 0.2663512758 -0.9200821601 0.09772707563 -0.006908409878 0.5872713048 -0.3486106366 -0.5539068218 
-0.3125112616 1.000955849 0.6708987646 -0.6430578034 -0.7971461263 0.936075116 0.1773357525 0.312033037 -0.2512043482 
-0.5512701691 0.3436892905 -0.1933181676 -0.8287194428 -0.3037397608 0.4211329126 0.8856075991 0.49130695 0.09087916578 
-0.2295146349 -0.7867997974 -0.7253344928 -0.7300195609 -0.2230505233 -0.3763388513 0.195331181 -0.06054508128 -0.2168227862 
-0.2935416767 -0.9299519333 -0.923680034 -0.8045487223 -0.1048822107 -0.3355211277 0.788460504 0.6128945492 -0.08740148972 
9 64
-0.1281592153 -0.5834169161 -0.2374560973 -0.4211333976 0.5529871398 0.4279495183 0.2555970373 -1.164038255 -0.6325693996 -0.7668352284 -0.09478008083 -0.6797191811 -0.8317480107 0.7308066432 -0.3705798019 0.4028461983 -0.8335182385 -0.9965895931 0.3691769955 0.6937312232 0.6533582834 0.1848433107 -1.001170716 -1.194376067 0.6747847338 -0.1177888284 -0.8419283706 0.3465294744 -0.2012467955 0.4579825827 -1.20383435 0.4191308992 -0.02090657422 -0.6368941988 0.231226035 0.5002408512 -0.7126191405 -1.225156373 -0.1355981945 -0.8076789061 -0.596704793 -0.8013271019 -0.1354164764 0.6797457769 -1.121600484 -0.9363867347 0.7468594178 -0.7145026722 0.4255955119 -0.6267030599 -0.9286384778 -0.1131363055 0.1760446736 0.4641456541 0.743417704 -0.1155123378 -0.6870271886 -0.6740193308 0.1504595862 -0.9500890704 -0.8034152627 -0.6411565348 0.2761601938 -0.3630928942 
-0.2400120586 0.5205714026 0.4396213792 -0.6043115542 -0.07214059294 -0.4740813146 -0.2928996102 -0.450368614 0.2481975763 0.6948648974 -0.06314280129 -0.279098506 0.2834552547 -0.2549802616 -0.7800983013 0.3417846364 -0.8121578375 0.4783943503 -0.1403990073 0.02085205678 -0.8862400062 0.7771780929 -0.1723267175 0.3914562169 -0.3836314701 1.08055452 -0.4836867462 -0.05678653204 -0.1546133289 -0.07401673538 -0.5806019371 0.4743244255 0.730778652 -0.1618191386 -0.4958150829 -0.001484972122 -0.7765200998 -0.4627208174 0.6492103627 0.3026291482 0.3902413923 -0.8472619638 -0.1099762526 -0.5162902669 0.2763838015 0.6489204647 0.4448643353 -0.1586836767 0.2190439478 -0.09567888847 -0.6879922583 -0.07842323175 0.2909289773 -0.5895521467 0.02968831661 -0.2635563083 0.3939459062 0.4280638175 -0.4457061396 0.8284988527 -0.04446908941 -0.63854724 0.4373724307 0.04786424685 
0.5597328815 -0.7547390041 0.3999011939 -0.5714522333 -0.2164122027 0.05102532938 0.5361583147 0.200456416 0.6910311079 0.2125380448 -0.1764486068 -0.7441473007 0.3049733194 -0.1317161532 -0.4837350364 0.1080299501 0.3169486939 -0.3121162654 -0.02320756765 -0.6414750554 0.2760104594 0.1098045348 0.3892212198 0.3903547338 0.9281604981 -0.2739230924 -0.1674641316 0.1602997578 -0.04321218213 0.1957992777 -0.5035906353 -0.363426527 0.3139943803 -0.04105868235 0.1285484194 0.07543389586 -0.2213088325 0.3680363608 -0.6648232817 0.09976769394 -0.5546926946 0.6438855791 -0.7527695028 -0.155564678 -0.5259607951 0.3898548439 -0.385572654 -0.3542372699 0.2095180973 0.8338258219 0.2815465685 -0.5289403838 0.2107855765 -0.751787188 0.2048263514 -0.1192188896 0.2365178571 -0.5475133273 0.4324858133 -0.08974573709 -0.2189725922 0.2893619512 0.2261966344 0.1451108313 
-0.7166079493 0.04769325824 0.2392984916 -0.5033379531 0.505363447 0.02514380439 0.05919234827 0.2011078027 0.7800583379 -0.76505705 -0.1422175759 -0.5588678002 0.3046596762 0.3551059827 -0.2518915714 0.1179351462 -0.3350952225 -0.2109666265 0.134199954 0.1543783425 -0.06396226933 -0.1116328679 0.0690336883 -0.4410046501 0.4120108819 0.5881193299 -0.504389665 0.345917961 -0.08796645255 0.05237682373 0.09075671705 0.03206042444 -0.3351267616 0.5289418445 0.4005404347 -0.582559412 -0.3131697646 -0.2108018703 0.19957411 -0.02034311932 -0.1193889603 -0.7074130796 0.6195866304 0.429143981 0.5168281571 -0.2419670503 0.7452899845 -0.4313436623 0.3636550978 0.07429003385 0.271744159 -0.8666594347 0.656776861 0.746270963 -0.6914196335 0.2019087453 -0.7960348465 0.396869416 -0.2888628949 -0.2101907747 -0.1970011771 -0.2432952371 -0.6171379466 -0.2626171655 
0.03547896874 -0.7262748925 -0.8058029211 0.3817691225 -0.3553149961 0.3279904437 0.696536314 -0.02198416232 -0.05591769504 -0.3669214752 0.785995719 -0.7462506607 0.1444324341 -0.1005842717 -0.5580344945 -0.1738149009 0.3660923576 -0.2309504716 0.1414296445 0.7962961632 0.3588793142 0.6388572876 -0.1393031715 -0.0477418029 -0.2025325852 0.3249573656 0.5074163668 0.8176353409 -0.01709662114 0.2044040321 -0.5794074307 0.3314353075 -0.3468714904 0.03249081496 -0.4263243621 -0.04391374707 0.4886176076 -0.6053322998 -0.7269734605 0.5128842999 -0.5736808584 0.1006502487 -0.7371005595 -0.1599479873 -0.4941447144 0.7084830511 -0.2478056785 -0.5881912257 0.5560601927 -0.7841557662 -0.4243600052 0.8665424124 0.1563003251 0.543388164 0.2332515954 0.4793793723 -0.01903097996 -0.02285110377 0.3874278604 0.5151934624 -0.621423139 0.5281927192 -0.2071125554 0.5545912739 
0.0191667454 0.735317306 -0.03215457876 0.2888790309 0.4887298961 0.859064615 0.1291442492 -0.842177856 0.4681992074 0.1030050862 0.4596070712 -0.5932472835 0.1574881812 0.3612085864 0.8768108921 -0.09822214896 -0.04047115053 -0.07298061563 -0.2403500373 -0.769924807 0.2241823007 -0.2449121533 0.162973497 0.619248969 -0.2254152604 0.2381180687 -0.224469505 0.1346543519 -0.07318182387 -0.834739022 0.1985713211 -0.280067778 0.7251724646 0.2945710472 -0.08966800293 0.2754311858 -0.1293437591 -0.04413868932 0.5261588644 0.3460404589 0.3261877231 -0.7176932948 0.4978917267 0.8277057508 0.4931798315 -0.5953459021 0.07054985832 -0.469443442 -0.1836318864 0.3404333799 -0.2874459544 -0.08432464251 -0.311156679 -0.3673744938 -0.1504194901 -0.4187460024 0.6499800799 -0.4890113177 -0.54258686 0.4990868037 -0.1582651261 -0.1953279376 -0.7353251196 0.5243284346 
-0.4750070062 0.04620862777 -0.3635947904 -0.3969635985 -0.3264228885 -0.7737765609 -0.157494368 -0.575629088 0.7421967868 0.1057742593 -0.5157954018 0.2741559433 0.151863945 -0.6873541626 -0.6391632908 -0.3110235004 -0.387586431 0.4104454901 0.3509853926 0.411731264 -0.5885069199 -0.262143905 0.3549711173 0.6899658292 -0.6167733643 -0.4735219367 -0.7637932084 0.5188672747 0.05352138068 0.244715792 -0.09256878197 0.5203628701 -0.6502463169 -0.5148639233 -0.2470797989 0.5589657751 1.007729096 -0.7582090181 0.5274711267 -0.2330687781 -0.8399401046 0.3664023526 0.6224254638 -0.1670550937 0.1015186084 0.5436220572 -0.05505028717 0.9505584759 0.2070655216 0.4452287285 0.1337808863 0.05807215693 0.7111782819 0.4140211873 -0.6475534625 0.9694680249 -0.8960857788 -0.2750029122 0.3140006243 -0.2346900869 -0.6238853136 -0.1059687747 0.01956580395 -0.46127589 
-0.06037195185 -0.1758927195 -0.4371401589 -0.6287775525 0.6285609979 -0.3947471354 0.8350630416 -0.1129942294 -0.3291304186 0.4432754636 -0.800162203 0.7121470674 -0.07472448759 0.2501694821 0.3119720236 -0.53322093 0.5931108307 0.6792628967 0.1907397456 -0.2522435226 -0.4572600181 0.8768078781 -0.6594102705 0.4141668692 -0.4398858425 0.5485771926 -0.626229496 -0.2532431611 0.1190787117 -0.2270677197 -0.239766852 0.4949388362 0.03723569773 -0.2522021858 0.2616535979 -0.1474007394 0.03928744676 -0.5782735069 -0.2674674884 -0.161208167 0.8568708628 0.2607563676 0.005942348243 -0.078109441 -0.009496256262 0.6488441341 0.03266193085 -0.9051397069 0.2269322825 -0.06851869551 0.8020920371 -0.5440636218 -0.8565141088 0.7523678207 -0.5814036375 -0.4327978948 0.155190599 0.7434152488 0.4539354952 -0.1963764874 0.06829080622 -0.3271254812 -0.534303227 -0.4553327591 
0.8974087612 0.5547587692 0.8949191717 0.7094973847 0.1353414357 0.03736193275 0.2769170826 -0.2076226632 0.3412555393 0.024019366 0.4277957239 0.6692579435 -0.07415256599 -0.08920988056 0.9303596471 0.5742446541 0.6247885223 0.8882670755 0.899788076 0.5965907352 -0.02870811129 0.2395826018 0.4336603975 -0.5865043914 0.2175311498 1.053593782 0.2759175773 -0.6915240875 -0.180317911 -0.4926729587 0.6957572451 0.02163634006 -0.5886918544 0.3355291918 -0.2111632972 0.9338152217 0.3848089956 1.117170501 0.8037982694 0.6972330379 -0.5307851658 0.3043910956 0.2225361387 -0.3727789224 -0.522462953 -0.4189309183 0.8701966072 0.1080982814 0.3907979656 -0.1394456886 0.9715921576 0.0811198035 0.6050263209 0.7231722366 -0.8005940427 0.9611392126 0.5975290057 0.9980988866 0.8677186534 0.1928882537 0.8801368269 0.2547697878 0.8480904362 0.9490159794 
64
-0.5181192144 0.1707139352 -0.8807773491 -0.2677263685 -1.019513644 -0.6292499404 0.7905049694 0.3184555325 -0.3853070164 0.1937265566 0.02795543422 0.2952104564 -0.3443950308 -0.4411645195 0.1170830417 -0.06365165317 0.9288058734 0.5787099262 0.8324346362 -0.9015843375 0.01748582548 0.1019772171 0.9778957343 0.7119384425 -0.4301720784 0.3328392227 -0.3784453619 0.5887608969 -0.3745345363 -0.9623094457 0.8719794239 -0.7430468911 0.05727299569 -0.8008432839 0.3230411663 -0.5655358491 0.7041917218 0.05432879315 0.1793666764 0.3744378839 0.3482137782 0.08153050826 0.8363642046 0.8225154148 0.8738856854 0.7372651921 -0.4971328346 0.659855074 -0.9119622732 -0.07749798483 -0.6510683524 -1.0382149 0.9436077992 -0.8160071894 -0.1851337182 -0.8047765781 0.6308810559 -0.7198628628 -0.7206283282 0.01340408852 -0.260166793 0.4080216177 0.5047506349 -0.5048473983 
9
-1.172720322 -0.2344494669 -0.9454210244 -0.6691821589 0.5544874249 -0.17044928 0.8421062114 0.8579386097 1.172772872 
