18 9
-1.261527093 0.9347988208 1.126406329 -0.2505110417 0.5851291029 -1.100725569 -1.116583506 -1.575147982 -1.4359091 
-0.6033799699 -0.2742405753 0.8036390567 -1.439872789 -0.1023051405 0.2075192482 1.542294487 -0.1046949673 1.992283764 
-0.345276608 -0.9013307313 -0.375724329 -2.375672779 0.3534209781 -1.879856072 -0.9915884062 -0.8060078588 0.3730644173 
-0.5651646938 -1.898877441 -0.5698590374 -0.5608134112 -0.4109111355 -0.4400057434 0.05284054978 -1.410826901 0.4426929456 
-2.263539687 -1.97879071 -0.7193251555 -1.727028885 -0.1254748105 -0.3420299623 -0.7608526289 0.6933354848 -1.652913562 
-1.045229361 -1.921937381 -0.9581164343 -2.76180057 0.8357577819 -1.453194739 -2.072216709 -1.317972735 -0.4668115481 
0.2720966464 -1.099402288 0.822737081 0.9872295522 -0.2877643182 -0.1135458725 1.332033265 -1.588355012 -0.8278677656 
-0.254509415 -1.925136002 1.191053125 -1.428185455 -0.8454577461 -1.060867815 -0.8552865042 1.069291549 0.3247469786 
0.08694180585 -0.9507236982 -1.961738286 0.6005420519 0.7952587674 0.5189208248 1.531756359 0.2880194079 1.123062583 
-0.9481618586 -0.1708801795 0.2685569622 -0.3928728067 1.060406452 0.3046257006 0.1585844071 0.5198862783 1.074108906 
0.1905006362 0.4782894529 0.3809706568 -0.9523734672 -0.6600247257 2.107686249 1.96882651 -0.9121100698 1.405942023 
0.5818778362 -1.218843949 -0.1536350272 -1.350165138 -0.1522233018 -1.124188987 0.01378581198 0.7572101745 0.4900723381 
-2.362669663 0.2763615446 -0.2289754732 0.1560738014 1.315776645 -0.5799036414 -0.03179193476 0.8394084602 1.741858085 
-0.07479187309 1.289155348 0.3065135423 0.1395458815 1.084069453 0.6804630727 -0.9879795369 1.693713546 1.187001442 
-1.709283766 0.04798972846 -0.2560581547 1.060072812 1.062519474 1.193079794 1.699114256 -1.098731335 -1.430636725 
0.03311262232 0.3900210306 -0.9724381693 0.2435487413 -0.9147409774 -0.7473923278 -0.66429121 -0.4350045942 -0.6503903702 
-1.385864599 -0.4408189245 1.16494013 -0.176377333 0.03997352463 0.4759488125 2.314575022 -0.3691660892 -0.673954624 
-1.541261585 -0.0402951824 0.4320697301 0.6630559481 1.154444203 0.6604200572 2.249063753 -1.284328554 1.545453152 
9 18
0.9717808544 -0.05516222723 0.06388599002 0.8232089115 -0.07425469596 -0.006682020149 -0.4085109134 0.04200140865 -0.9838951316 -0.1871530984 -0.5070109435 -0.8865814068 -0.1549385542 -0.4792480804 -0.2658677767 -0.8965680974 0.2895792519 0.6875499184 
-0.158035541 -0.47672969 0.2884820525 -0.2031417156 0.9600365174 1.074781153 -0.7696076488 0.1592501002 -0.6816641004 0.4753589437 -1.63241499 -0.09193832455 -0.2189911922 -1.587430836 -1.177111882 -0.520556928 -1.046701341 -0.08188653094 
-0.207317778 -0.5908028196 -0.2778393633 -0.1864978586 -1.062147791 -1.212880239 -1.005611114 -0.5661600528 -1.54472771 -0.126953232 0.9146303875 0.8070938622 -0.3203493605 0.6708566962 -0.8835056213 -0.6827060348 -1.092391328 0.198532892 
-0.2158558384 0.8772492246 -0.2887272798 -0.3561057003 -0.09129155241 -0.2005546899 -0.8398604284 0.3300986653 0.3602060702 1.080302209 0.4861380808 0.6545945382 -0.2772895174 -1.080498128 -0.1712341079 -0.6763659205 -0.3421797585 0.1713931618 
-0.9623097015 -0.3070381103 0.4944120014 0.2587991027 0.5470755109 -0.4904739518 -1.750521361 -1.501955945 -0.2299628935 -0.9385580087 -0.42271754 0.07423118745 0.7908971989 0.9260102047 -0.3109480696 -0.375271645 -0.5203061146 -0.6155641682 
-0.50847538 0.8367505062 -1.255684373 -0.4120488577 -0.3425717017 -0.7965512337 -0.05295425524 -0.3285380045 -0.2308671813 0.360717256 0.2807850915 0.8142324559 -0.1279023085 -0.603686382 0.2920469917 -0.8522086839 0.1048861588 -0.2577307553 
-1.55769206 0.09975569328 -1.121631734 -0.1555153347 -0.802785502 -1.524012716 -0.01274902493 -0.9214969208 0.2705336068 0.120197076 1.096687984 0.2464926907 0.5556306988 -0.516451874 0.180983969 -0.7804369152 -0.4224639941 -0.01904764906 
0.7627716564 0.3536749579 -0.500362753 0.6786192835 -0.5620134386 1.012855274 -0.4805852251 -1.089156567 -0.5649356369 -0.0536352814 -1.300152144 -0.187482996 -0.1020347353 -0.6433277335 0.7184623318 0.1404313644 -0.2355872471 0.5873942575 
0.06368128922 -1.939339146 0.3234125367 -0.6030317648 -0.112598451 0.1962263675 -0.2994107969 -0.2863520409 0.07428087988 -0.983601098 -0.2951504302 -0.7603945655 0.4362777165 -0.281787657 -0.1637905019 -1.020985881 1.061703423 -0.2506388847 
18
-0.3420959507 -0.9800010727 -0.5675642089 -1.126154812 -0.8839691241 -0.2848208813 0.5390866007 -0.863829233 0.06443161613 -1.489306171 -0.980472202 -1.604457472 -0.7336744949 -0.1397134304 -1.126737493 -0.06330675516 -0.9049539917 -1.932263546 
9
-1.21227319 -0.7962689076 -0.1977207729 -1.265528912 -0.7483150164 -0.9794533072 -0.601928434 -1.012209833 -0.3295872844 
