18 9
-2.224243588 -1.595967741 -1.558987565 -0.882748266 0.1150166575 1.003878878 -1.973281444 -1.84888541 -0.9219539662 
-0.2635235123 0.00854816555 1.575688451 -0.1339501592 0.5845954954 0.7534909832 -0.9426190342 -0.502072021 -0.6161427507 
2.269581864 0.1655461572 -0.4914963552 -0.8643978253 -1.360816625 -0.7963510449 0.5423474478 -0.900849581 -1.003497903 
-2.273744627 2.783590431 2.806618317 0.9431718647 -0.8047422598 0.7020629003 0.5952641891 1.97514852 4.050786194 
0.4008255195 -0.5761310196 0.682068373 -2.184568026 0.9373620482 0.08853261871 -1.343734963 -1.438924556 0.8952897604 
-3.609528242 -0.08990736399 1.133618636 -1.113441671 -1.566463275 0.1589672082 -0.9383641415 -3.35115521 1.352492808 
-0.2712744639 2.486538094 2.162746625 -0.7945426305 2.859167025 2.481716333 -1.293354091 -0.1176753409 -0.8754854344 
-1.694097513 -0.2749236699 -0.9699648788 1.063180668 -1.981788433 3.302321856 1.411866337 -2.339669868 0.4895798302 
0.9516770614 -0.7166009478 0.6696789184 -1.559761246 0.2447842366 -0.8434836322 -1.024553971 -1.189505138 1.196762618 
-0.154717664 -2.03021844 0.8478577024 0.224028049 -2.738851069 1.694603731 -1.683180827 -1.30304922 0.0646623525 
-0.5617439401 0.4292398791 1.133422282 1.844888386 1.073697517 0.1372463318 -1.58723797 2.430781467 -0.4248057839 
-0.9371835215 -2.009857215 -2.92092269 0.09069138857 0.5002462573 -1.085879322 -4.774523116 -0.2864501563 0.7539556635 
-3.58574768 -2.652492511 1.193491999 -4.507947759 -0.6609486917 -1.240807184 -1.011639249 -2.475300927 -0.6759564504 
-3.287563997 -1.419583537 0.2208663863 1.092361423 1.175673645 0.8147540105 1.067179134 2.615118272 -1.328688024 
-0.8862814209 -0.5342218425 -0.5758830912 -2.156239201 0.3967644993 -1.0084165 -1.062233513 -0.5327336236 0.4913741089 
-1.190545185 -0.8471371394 1.963295258 0.5638374385 -0.7679445075 -0.751129398 -1.190807182 -0.4572749022 1.268374486 
0.7785182952 -0.1935224924 0.2512389183 0.653114218 0.3442971605 0.3184303859 1.356611084 -0.7014201761 0.2556068623 
1.572625964 -2.113231507 -2.21037068 -0.6957449111 2.336994201 1.399355698 0.9871391423 0.4223617353 3.819565525 
9 18
-0.8353894769 -0.6664927183 1.013743261 1.377259467 0.1883335567 -0.9076275876 0.4835363677 0.2790842468 0.4493745648 1.19724966 -0.6951503379 -1.588319977 -0.4380096219 1.023578228 -0.2302854592 0.3850565305 -0.6976716836 -1.200658021 
0.2033425448 -0.4762292752 -1.234607902 -0.6147378148 -0.4585177766 0.1535408688 -2.414130446 -1.247831284 -0.2858888546 1.267584921 -0.9734855372 -0.7509696141 0.03319006045 0.7183322645 -0.05229515942 0.7150467341 -1.036428109 0.8739710464 
-0.7904422101 -0.9451589934 -0.5826515134 0.3101637856 -0.23300506 0.1875301368 0.2050107362 -1.428459433 -0.2126801138 0.8317643796 0.1763237518 1.152573379 -1.120921977 -1.258642192 -0.1995544158 -1.417689857 -0.3076353238 -0.9096055852 
1.229899485 0.3562930099 -1.458813304 -2.239891258 1.162027769 1.37016006 -0.3888988262 -0.2111446584 0.4157483038 -0.01008488633 -1.937287839 -0.3433852327 1.203737059 -0.8305995399 -0.3301128456 -0.9152682331 -0.903496741 -0.3282270853 
0.8907159854 -0.3196828633 -1.86934506 0.9023319938 -1.777761288 0.2851757312 0.6656622716 -0.5656574014 -1.199974428 -0.7091197852 0.6392773786 0.8212669095 -1.069130875 0.5725616327 0.131739214 -1.881367843 -0.8508554741 -0.449966831 
0.3674823893 0.7465374472 -0.8745084509 -2.397377937 0.8761051091 0.6591393251 -1.627878151 -0.4095721929 -0.1641114591 -1.317025346 -0.6335856567 0.2874332749 -1.274004532 0.01036903113 -1.648176461 1.406601774 0.184673055 -0.6850463394 
-1.161223982 0.3230874874 0.1436406767 0.04808114345 0.577244678 0.2855531953 0.3918049882 1.505360229 -0.3955758128 -0.4704419402 1.49362814 -1.565221605 -0.2284419095 -1.393174469 -0.6014370905 -0.268896471 -0.05146551578 1.907141618 
-0.08176306868 0.985200866 -0.611511926 -0.6507533407 -0.619880495 -1.544508906 1.428409641 0.144201898 -0.6942805476 0.003104858143 -0.6785568043 -0.2326048656 -0.2987139861 -1.40543838 1.033488329 1.048652515 -0.3263490329 -0.4375269752 
-0.9148748458 1.001666512 -0.7649298042 2.147892123 0.7300533353 0.3565599438 -0.2217479636 0.4497179427 0.6678761186 -0.2711659453 -0.5942861685 -1.503202148 -1.594929654 -0.01554859185 -0.699453623 0.9145838103 -0.8781608747 -0.5149338449 
18
-1.336994737 -1.802251899 -0.1197170837 -0.4392567258 -1.171853839 -1.857761605 -1.131883923 -1.050342384 -0.3136614826 -1.258793538 -0.3191980793 -0.3748956442 1.075833934 -0.5150458183 -0.860197352 -1.252809078 0.2829688859 0.3107339358 
9
-2.914274109 -0.8446497362 -0.2400259437 -0.9910246092 -1.6073944 0.5500118249 -2.236751676 -0.9437002832 -0.8589711125 
